690874767 1 1 1 9
690484793 1 1 1 9
682289024 1 1 1 9
683038771 1 1 1 9
682744093 1 1 1 9
682087854 1 1 1 9
874555939 1 1 1 9
446175313 1 1 1 9
447451945 1 1 1 9
447840191 1 1 1 9
447525934 1 1 1 9
446883978 1 1 1 9
60187998 1 1 1 9
60693866 1 1 1 9
59987447 1 1 1 9
60955361 1 1 1 9
61006846 1 1 1 9
60879958 1 1 1 9
60539810 1 1 1 9
49681519 1 1 1 9
49629912 1 1 1 9
50172249 1 1 1 9
51090956 1 1 1 9
554261291 1 1 1 9
555938155 1 1 1 9
555644566 1 1 1 9
421283138 1 1 1 9
420711024 1 1 1 9
420333577 1 1 1 9
421433997 1 1 1 9
421227943 1 1 1 9
421611292 1 1 1 9
421538581 1 1 1 9
462726549 1 1 1 9
462681328 1 1 1 9
462680123 1 1 1 9
463319269 1 1 1 9
463881724 1 1 1 9
463758064 1 1 1 9
463629641 1 1 1 9
463745343 1 1 1 9
462897567 1 1 1 9
484604895 1 1 1 9
484326482 1 1 1 9
484703936 1 1 1 9
323995389 1 1 1 9
323813444 1 1 1 9
251240929 1 1 1 9
252026921 1 1 1 9
252268913 1 1 1 9
252041153 1 1 1 9
251882576 1 1 1 9
170277557 1 1 1 9
170048725 1 1 1 9
171296487 1 1 1 9
170638357 1 1 1 9
169741961 1 1 1 9
170606353 1 1 1 9
618098507 1 1 1 9
618727438 1 1 1 9
619521370 1 1 1 9
618693923 1 1 1 9
647854196 1 1 1 9
647571536 1 1 1 9
648354904 1 1 1 9
647761032 1 1 1 9
648256899 1 1 1 9
648114524 1 1 1 9
385811731 1 1 1 9
385785005 1 1 1 9
386376534 1 1 1 9
385318636 1 1 1 9
725056402 1 1 1 9
384699040 1 1 1 9
383610137 1 1 1 9
383843350 1 1 1 9
383738131 1 1 1 9
383911417 1 1 1 9
383306485 1 1 1 9
384976254 1 1 1 9
674178755 1 1 1 9
674621198 1 1 1 9
674700826 1 1 1 9
674404014 1 1 1 9
675824696 1 1 1 9
675784588 1 1 1 9
675048242 1 1 1 9
795396227 1 1 1 9
795400574 1 1 1 9
795015652 1 1 1 9
796066026 1 1 1 9
795560293 1 1 1 9
795046808 1 1 1 9
796284848 1 1 1 9
225442191 1 1 1 9
226484857 1 1 1 9
226957850 1 1 1 9
226012857 1 1 1 9
225727832 1 1 1 9
225617401 1 1 1 9
512973829 1 1 1 9
513112999 1 1 1 9
512632734 1 1 1 9
512026340 1 1 1 9
825153850 1 1 1 9
826380966 1 1 1 9
825437136 1 1 1 9
111978851 1 1 1 9
112577440 1 1 1 9
113229000 1 1 1 9
112501580 1 1 1 9
113071645 1 1 1 9
112094818 1 1 1 9
940210031 1 1 1 9
939461439 1 1 1 9
940969236 1 1 1 9
836360632 1 1 1 9
836618722 1 1 1 9
93012954 1 1 1 9
93424202 1 1 1 9
93382488 1 1 1 9
92643221 1 1 1 9
92464320 1 1 1 9
92511684 1 1 1 9
93005468 1 1 1 9
93078898 1 1 1 9
93727067 1 1 1 9
193507057 1 1 1 9
192886261 1 1 1 9
192801112 1 1 1 9
193436182 1 1 1 9
193460024 1 1 1 9
405835012 1 1 1 9
406208647 1 1 1 9
489465494 1 1 1 9
577957932 1 1 1 9
951965485 1 1 1 9
952172580 1 1 1 9
952253179 1 1 1 9
812091378 1 1 1 9
810498093 1 1 1 9
553706824 1 1 1 9
553049288 1 1 1 9
552935201 1 1 1 9
553879273 1 1 1 9
246620746 1 1 1 9
248036898 1 1 1 9
247222007 1 1 1 9
248404603 1 1 1 9
373032230 1 1 1 9
372958423 1 1 1 9
373197693 1 1 1 9
373722879 1 1 1 9
287595736 1 1 1 9
287743048 1 1 1 9
288594351 1 1 1 9
288483270 1 1 1 9
287728707 1 1 1 9
211842487 1 1 1 9
212697490 1 1 1 9
213183630 1 1 1 9
211504782 1 1 1 9
812948415 1 1 1 9
813139679 1 1 1 9
813648779 1 1 1 9
813949473 1 1 1 9
813975280 1 1 1 9
812408037 1 1 1 9
755462666 1 1 1 9
755762337 1 1 1 9
754166818 1 1 1 9
754816526 1 1 1 9
245702375 1 1 1 9
245931207 1 1 1 9
245869746 1 1 1 9
246263597 1 1 1 9
305662056 1 1 1 9
307453647 1 1 1 9
305815351 1 1 1 9
318694004 1 1 1 9
318642691 1 1 1 9
317193141 1 1 1 9
317257409 1 1 1 9
317570446 1 1 1 9
318648929 1 1 1 9
95013873 1 1 1 9
94898324 1 1 1 9
95175631 1 1 1 9
94552120 1 1 1 9
95922750 1 1 1 9
609948503 1 1 1 9
611374790 1 1 1 9
611644747 1 1 1 9
611637078 1 1 1 9
286027480 1 1 1 9
286528286 1 1 1 9
285538606 1 1 1 9
284932097 1 1 1 9
286578326 1 1 1 9
285466587 1 1 1 9
